Index locorum.

De notis soluendis 11111. indicem Thesauri 1. L.

Aelius Vsrus: 10 600-308136 60613150 316631
1111111111 1,61 48 37 3166149 61621161 31625149
Alf. Auis. 111111. 111. 631 56 sq. 31641 44 626301 56 326731 64
Ambrosius: 64 ’ , 3266181 64 62626163 325 (Cupido
Anacreontsa: 33 1111161621 71 651 111671 171611
,111111111111111111111 50 21 50. 51 61 371111 541 45111 581 51 sqq: 661
45. 50 sqq. Fescennini 50 sqq. 77: 541 84 sq: 681 88111 67 3291
4111111111. 2341 68 2661168 32661 49 6365158 33637149 3365149
32 692 sq: 56 sq. 664 (Mosella) 42: 63; 661651 63111
suth. Pal. 61161 17 sq. 62071 48 49; 1761 48111 248: 631 258166
1619317 289111 57; 6091 61; 6661 63; 3841
111111. Plan. 6841 67 64; 4001 49; 443111 62; 4461 631
1111111111. 15163 11111111. 1. 64. 452164 6366111159 3466163
65158 11111011648163 met. 343‚49sqq.:58 3562167 356191
1619166 ds ’Avqouqu uid. 1111111. 64 36611 41. 53 6662150111.

Α1111ο1111.11.6981 17 3611111115 382168 35566166
Ps. Asson. diu. in 0111 111051 7 368161 369160 366616436634111

Aug. 1111116601 51 4660 3762149 3761163 384137
Anien. Arat. 1112 st 14131 63 6963164 39615162 69682-93159
Aurelius, 1111 57 69688 sqq: 28 696103168 364, 271
Ps. 1411111111. orig. argum: 7 58 394361 57 3968163 396191
4111111113411. 6111161 l‚11: 67 4063144 40412142 40622141
5662 1,161 64 1715460 2661 40628149 4066276141 40691136
67 661141 667161 661142 413,10111.159413,14160 41623.
7621 61 8621 57 941156 10641 39142 414, 231 41 414, 311 56 414,
58106151611161141151-1571 4347141 41627161 4164161
45 sq. 151, 241 60 15616171 41 416911158 41611165 41613-161
15615166 153, 3143. 58167 15691 47 41618168 41619149 41620111
56. 62 15613165 15639167 156171 48 416261 56 grat. act. 651 62
64 16614164 17651 63. 66 17631 Ρ1111111.11.62162; 164157 47l,ll:
67 1769164 17611164 1761166 60 or. uers. rhop.: 65
186171 61 1841 59 1861 1646 Βαεευε1301111111111.111265,1-311711.
1665111153 2061318139 206321 Boethius: 34 11111111112128 Π
60 2061142 2066156 2069156 11152 11111152116121; 1111
20613142 20611164 2164160 52 1112123
22651 68 22621 67 25611 64 1111111111. 1523164 15241 16. 34
28661 61 29629158 2969166 011181111114

 

Ι
1

