..72-

580161 11715161 126051611111111. 24081111 52 2514160 2528 sq.:¹
1146116151 8. 26 2575111158 2641116
8111111111). 111111.8.14,41161 31 earm. 71111111. adu. Marc. 5, 11 58
7,78 1111 54 7111111111. fistula ll sq.: 21
Sil. 11151166 Tiberiana 34; tum passim in 5 18
Simius Rhodius: 18. 331 ceterum 11111. p. 65 sqq. 111111. 17138 1,811.1 15
8111111111. 1,14; 38
Simonid. 11. 1701 30 sq. 7111111111 fr. 101 3011.
811111. 182163 7111111111. 11. 71 1711.
811111.Η1111.16,6132 208154 ’11111111111151 16
1111.11111,1,103;64 Theb. 6,511 66 1111181111 34 carm. app. 5: 15
7111111111. 85160 1282 11111 58 18831 71111111118130 1,2541 50 22361111
60 1584111158 1816151 1888111 63 4, 4771 64 1607111 61 7,1801
27 1821111111 2224 1838111128. 48 7,78111.163 11, 7251 50 12,
58 1116811118 187511112044. 6811158 1225311111 66 georg.
4511. 1882111121 1811211152 3, 5381 64
20011111 50111. 2118111 59 Vespa 8167
215811118 2182160 2240111111 Voconius: 10

Γ111111 1111111111 3111111111 1111111 8111111111.

 

